326 443
275 523
757 988
81 59
368 916
100 699
6 464
865 379
766 368
35 413
491 868
799 168
82 235
506 885
49 180
756 234
500 965
574 730
654 532
940 733
872 50
993 767
740 281
660 735
82 179
441 356
280 754
493 494
459 877
312 705
54 606
991 698
521 350
866 963
902 597
147 152
316 845
690 222
657 9
918 874
295 855
396 924
763 589
739 512
848 600
212 304
412 332
310 706
886 268
33 600
923 48
350 479
374 9
602 101
140 171
741 560
633 590
817 797
10 235
741 904
175 803
137 250
997 109
918 830
433 293
605 467
367 673
136 854
530 268
189 864
741 144
196 497
484 22
468 509
633 628
805 869
506 275
517 51
893 775
438 883
652 72
618 206
453 12
345 31
933 715
999 148
967 369
263 200
272 508
707 878
902 475
836 977
301 586
488 813
910 324
235 327
551 820
424 688
782 171
66 470
579 828
926 30
590 392
355 166
760 994
939 773
564 876
636 857
662 555
55 89
376 781
868 970
241 307
218 619
949 704
725 518
484 36
807 306
801 740
64 294
88 205
401 206
995 328
790 758
307 318
306 55
981 835
716 213
49 73
722 333
403 15
718 906
365 796
83 753
286 81
663 781
303 637
959 395
868 896
893 743
9 559
260 441
803 874
528 872
689 900
771 494
439 552
211 787
857 857
407 165
152 262
313 500
209 680
494 247
728 403
170 433
5 267
789 193
673 420
234 133
186 568
856 581
277 859
140 198
325 317
405 446
403 134
640 66
838 918
9 104
767 678
728 958
177 990
152 419
652 909
218 700
228 65
356 823
286 279
269 653
862 887
37 830
961 239
258 819
57 830
567 378
475 886
899 57
342 127
225 855
887 304
698 792
168 797
446 77
766 166
351 245
839 931
565 638
355 171
835 844
167 249
600 435
404 427
312 439
130 18
687 761
976 540
480 909
111 643
890 999
353 346
667 373
621 111
741 704
700 257
357 142
207 142
260 6
855 156
737 223
462 887
527 937
633 409
698 60
189 307
544 536
330 142
264 738
666 312
238 784
362 476
522 710
125 96
296 32
254 949
857 51
760 990
737 662
951 328
427 310
501 256
379 923
225 693
24 857
426 256
598 500
555 592
162 784
313 859
263 642
610 297
226 34
646 967
604 589
470 981
841 445
566 164
977 853
803 827
290 280
143 147
871 230
34 345
742 71
559 856
912 619
235 23
914 19
938 304
925 901
935 845
301 240
220 997
619 182
390 71
931 108
731 405
728 727
575 283
376 466
279 425
25 80
453 164
644 707
939 536
95 420
460 730
127 765
849 719
321 991
110 990
413 587
641 954
153 447
322 889
862 671
284 548
33 319
787 27
276 504
605 770
771 51
566 292
459 700
615 635
891 700
785 737
766 835
960 324
78 706
130 487
856 257
286 705
419 56
254 472
396 174
456 721
709 356
315 177
755 792
343 58
784 939
897 412
469 619
336 379
3 825
94 709
464 134
617 739
79 569
630 594
765 368
641 161
859 45
932 84
551 342
770 622
622 789
430 516
248 984
23 78
347 806
701 104
642 838
994 838
293 400
515 310
476 398
758 5
926 16
541 715
41 527
81 891
610 28
60 219
407 882
150 263
336 252
270 237
328 155
505 719
322 655
42 695
348 898
696 688
677 627
420 730
190 676
199 669
129 155
228 527
667 741
880 227
540 14
568 711
926 885
177 47
662 125
807 488
470 502
633 339
18 682
484 363
511 288
580 559
728 962
754 818
259 864
266 11
317 727
965 778
961 314
92 299
357 479
730 664
789 240
687 828
90 288
165 669
931 569
755 208
997 246
425 657
899 553
392 588
280 796
893 662
110 642
733 247
360 632
200 26
734 658
771 390
880 85
471 196
535 21
636 761
592 753
26 71
119 638
241 250
862 16
623 781
862 650
921 24
889 541
672 789
14 583
456 24
864 536
226 296
768 65
900 94
304 832
174 573
446 375
504 216
803 693
634 751
210 802
407 940
699 513
16 173
76 645
272 967
537 236
241 708
208 93
649 861
16 213
660 242
792 606
206 966
111 946
71 38
303 827
996 262
54 260
685 206
806 40
45 149
395 897
600 65
732 887
379 815
804 880
32 362
583 177
228 126
227 717
979 311
290 888
263 476
739 266
671 525
659 532
228 588
655 633
876 560
575 301
49 783
84 965
304 850
49 337
118 592
592 360
622 56
667 451
368 252
543 754
872 622
583 784
11 194
60 480
36 921
691 473
612 979
309 123
221 765
136 779
634 115
500 327
527 710
19 190
454 571
896 655
793 701
126 844
778 827
210 495
855 247
471 77
829 878
441 119
206 382
8 569
14 557
374 490
442 115
324 727
627 657
159 160
525 700
531 787
443 67
107 967
655 706
47 801
628 809
635 630
412 417
928 635
637 409
160 8
854 71
474 740
694 456
513 639
240 267
386 79
713 908
41 68
500 363
14 499
656 941
0 578
470 822
237 441
504 69
465 539
500 65
385 506
180 376
342 674
341 910
47 47
221 587
188 474
678 560
869 600
697 3
215 855
704 800
657 701
846 608
811 701
49 399
452 720
297 346
239 604
956 592
960 617
388 312
34 655
744 824
98 15
935 806
597 824
975 338
68 331
171 441
921 36
179 484
839 37
169 590
106 614
339 65
763 891
567 13
296 328
952 602
412 537
813 38
246 927
145 106
305 158
78 374
950 360
834 281
102 462
334 295
215 428
960 803
691 292
78 991
299 433
142 659
478 829
655 369
544 328
850 770
549 808
374 617
591 186
824 213
763 939
415 843
119 729
883 85
610 230
754 712
260 763
594 959
811 396
210 862
727 949
318 952
361 413
892 491
620 429
538 987
254 948
753 837
741 904
24 347
244 987
514 99
511 501
462 785
321 260
963 397
956 842
977 794
309 836
399 447
918 793
507 598
998 749
502 578
546 764
555 586
48 612
696 901
298 268
175 336
902 519
211 41
465 513
972 486
430 274
230 557
452 110
745 773
186 243
714 689
721 122
866 478
97 529
285 791
178 223
738 704
357 939
557 974
241 556
417 657
876 333
750 77
669 101
948 482
284 731
676 200
631 639
370 822
389 24
191 985
434 664
463 81
916 525
407 819
416 806
571 179
481 672
611 805
0 455
477 886
841 461
968 993
253 345
847 862
439 539
246 607
244 641
391 660
349 244
337 694
920 98
302 630
937 768
17 531
711 663
341 964
529 105
698 440
18 774
134 385
610 475
895 141
987 491
688 452
855 819
306 818
964 3
929 12
218 34
178 170
35 218
822 913
239 766
197 149
245 735
88 133
754 833
105 692
669 135
913 24
88 133
583 244
864 272
390 814
363 904
447 673
27 569
148 280
865 402
46 352
203 500
323 884
499 595
344 744
500 608
702 94
486 332
364 636
895 282
519 809
718 797
352 489
508 34
963 495
871 620
185 995
736 157
846 780
28 122
992 147
877 210
43 85
542 318
415 742
722 117
274 208
308 722
874 520
199 488
506 226
998 625
632 953
900 164
527 6
845 794
395 300
53 160
925 706
687 367
183 753
576 150
976 24
153 138
635 56
472 461
144 910
106 144
761 356
684 495
57 733
217 435
727 576
620 136
628 984
903 556
876 433
986 214
980 275
518 347
295 953
591 697
452 94
737 425
272 378
80 387
694 526
561 147
268 559
742 738
961 518
947 576
681 995
410 534
353 877
417 306
783 546
773 148
814 655
194 899
815 51
80 597
94 26
902 928
634 51
573 943
445 653
886 426
93 873
409 917
107 24
592 186
882 42
852 904
983 930
53 422
78 849
188 587
157 234
851 7
972 146
118 676
359 126
340 540
954 435
891 853
888 832
934 171
292 877
886 384
343 558
943 643
497 703
535 796
869 962
121 906
666 191
250 578
722 777
323 245
95 112
232 742
537 810
528 168
596 165
498 244
105 316
903 26
522 744
918 243
194 219
216 432
76 654
539 389
437 311
369 626
315 926
108 126
666 964
297 834
828 250
777 560
617 392
220 998
751 909
892 548
426 545
78 833
505 174
240 984
532 974
355 236
104 311
83 877
26 142
299 514
803 686
442 178
566 8
213 991
786 478
103 500
476 43
171 298
159 334
86 849
701 510
850 451
127 610
287 925
408 575
656 56
804 188
701 884
973 912
401 915
324 183
644 411
291 215
423 667
853 81
613 777
321 199
127 826
794 400
746 5
709 357
968 754
594 449
47 407
117 360
433 717
473 731
777 442
273 137
946 14
980 813
332 157
47 534
510 712
334 696
608 651
624 345
849 748
5 438
922 972
452 779
819 527
609 810
923 886
643 587
628 547
463 239
814 447
430 554
945 904
765 413
3 34
118 791
978 301
981 16
730 556
392 865
858 315
808 904
715 880
993 645
218 482
365 913
739 544
285 753
653 939
166 53
22 788
721 906
99 774
746 678
651 104
699 632
819 151
544 368
487 836
189 678
222 553
36 831
687 664
215 424
495 176
933 900
139 760
715 711
422 609
164 757
842 881
528 496
825 692
731 771
632 547
339 666
9 221
149 714
161 11
96 302
55 704
775 641
84 479
222 363
746 775
589 70
991 158
890 934
735 384
779 871
67 285
816 264
965 14
362 365
854 312
460 809
593 597
439 443
651 157
535 612
607 267
547 308
845 250
601 989
459 399
752 907
866 946
554 527
255 563
881 409
881 82
496 864
152 32
488 573
499 819
671 175
851 396
162 100
598 472
274 461
218 945
374 366
800 204
675 790
475 468
710 49
197 601
904 663
824 580
929 993
81 681
593 41
355 78
490 556
383 627
807 306
633 334
720 302
64 609
514 953
792 142
886 275
589 860
78 681
152 141
463 72
380 131
413 764
988 397
829 180
990 901
106 170
911 397
373 272
521 81
148 840
444 393
566 727
33 769
473 233
991 205
940 575
793 162
834 362
359 756
264 692
622 623
472 52
440 53
231 569
210 346
489 466
436 68
335 932
951 864
51 746
468 515
354 419
356 220
963 186
327 981
592 792
79 64
478 713
351 6
627 309
5 455
640 99
776 402
996 646
264 53
848 743
708 449
67 104
359 186
109 312
900 456
219 995
12 548
431 586
106 263
275 806
741 823
985 785
912 634
279 392
245 592
518 224
731 391
929 956
606 379
399 958
392 37
947 744
53 273
952 810
853 892
41 958
523 74
645 452
824 492
903 992
576 429
874 621
974 992
116 268
592 60
935 439
354 128
939 501
702 714
402 319
578 463
896 12
665 485
176 870
592 963
326 678
474 898
624 709
402 943
385 5
804 514
379 956
52 107
514 427
839 710
333 370
682 984
478 822
556 372
636 255
248 932
414 931
174 970
427 330
452 867
423 174
599 685
150 836
597 967
121 249
976 423
151 861
175 950
888 140
967 797
587 786
677 736
614 44
319 649
3 750
338 179
171 877
860 428
633 564
638 553
897 347
790 322
910 766
100 72
257 287
189 453
895 904
236 643
129 830
738 895
747 72
255 567
188 829
517 721
809 211
461 855
920 323
554 771
287 518
358 951
691 178
749 324
296 233
521 220
895 198
406 929
623 605
264 550
817 3
60 680
78 877
93 755
491 409
303 858
23 277
745 523
933 956
368 522
101 714
30 990
106 936
298 801
582 628
356 560
669 662
499 616
342 454
557 593
853 526
704 442
703 1
632 450
919 67
729 314
160 821
437 724
954 175
670 440
271 391
618 278
821 890
354 611
837 263
831 503
624 609
685 446
87 128
117 226
945 104
972 610
420 750
636 675
75 950
65 874
867 242
837 870
28 479
123 473
622 777
466 567
643 214
983 593
722 982
220 257
871 104
957 850
668 485
971 682
371 907
722 512
650 962
436 667
646 79
495 463
480 645
588 259
75 136
892 344
712 565
304 862
224 50
270 302
73 7
336 344
604 458
211 536
24 180
566 601
843 149
384 817
591 952
753 515
142 879
409 831
853 793
553 244
164 490
448 500
49 212
466 127
301 8
245 78
209 569
594 992
467 446
499 350
405 203
321 924
454 659
231 204
65 744
522 196
49 558
694 680
198 280
977 869
14 244
655 547
616 63
517 79
998 812
64 476
78 927
172 838
182 576
410 359
951 358
307 462
395 769
512 443
542 504
379 19
562 800
838 480
667 473
604 113
135 383
681 816
375 984
619 906
785 367
350 198
369 171
807 483
282 234
468 245
427 105
933 419
593 975
433 959
345 883
141 664
894 479
736 141
444 12
658 326
496 892
739 358
775 651
778 567
913 51
370 264
542 143
676 914
798 699
824 127
174 791
349 11
107 829
185 633
816 768
109 204
953 595
518 61
931 139
629 511
691 840
923 239
243 538
660 422
882 957
91 775
559 317
322 370
934 315
4 300
888 421
788 128
945 970
204 159
105 61
767 724
50 843
614 901
513 891
759 527
584 623
355 694
353 472
45 237
518 192
412 592
905 227
531 893
650 902
595 753
133 902
702 556
299 759
639 369
333 367
786 422
171 227
388 707
596 706
495 970
827 679
779 778
410 457
150 267
849 295
215 237
264 565
544 649
134 305
110 307
339 723
528 503
495 708
36 403
832 819
441 632
328 448
463 393
947 3
686 956
162 963
963 398
147 119
555 113
145 308
239 901
480 151
422 6
478 501
887 27
788 689
317 226
981 106
39 488
229 316
975 235
549 201
396 758
571 734
889 600
792 192
53 655
199 510
983 867
824 774
600 912
68 631
731 28
277 378
947 56
972 635
155 410
327 50
731 485
716 796
198 253
426 903
317 557
704 878
618 924
390 713
978 285
416 76
780 264
788 923
698 392
566 809
18 558
98 418
198 100
257 880
942 429
770 48
505 589
506 373
400 537
161 32
545 95
568 417
270 410
669 960
774 840
799 0
196 319
408 681
226 852
592 205
797 250
417 244
67 207
546 685
950 553
103 86
203 682
959 618
851 331
506 597
890 730
605 325
731 207
664 133
534 298
169 888
418 207
235 488
868 743
554 893
798 985
69 624
215 362
540 515
184 449
609 192
918 107
561 930
4 341
107 153
843 314
575 512
464 375
161 182
723 34
351 540
598 223
387 86
990 310
291 604
855 152
960 536
556 180
613 595
8 983
417 876
195 43
622 655
134 60
796 508
991 552
255 377
233 518
877 774
930 241
634 828
307 124
785 980
956 808
34 786
340 803
140 851
737 0
604 493
689 642
508 9
497 990
201 154
60 823
782 341
701 401
672 789
109 350
838 614
348 393
444 670
961 44
262 656
336 406
697 65
627 350
315 715
464 775
121 610
839 807
85 561
51 361
933 551
291 479
491 471
518 607
294 263
929 59
510 102
402 289
679 933
454 466
42 962
307 279
75 254
16 557
182 391
324 874
616 781
32 723
460 945
666 979
62 176
919 104
258 807
209 910
576 699
756 485
216 338
937 951
624 234
681 502
365 750
16 573
67 32
871 921
510 163
668 375
712 967
548 913
683 738
913 615
570 165
973 192
411 740
100 969
366 243
980 560
399 897
493 748
756 823
432 529
924 583
104 35
137 977
850 990
984 290
659 271
941 87
544 372
131 228
36 149
739 687
852 677
117 569
523 375
193 909
873 576
925 534
390 474
267 471
635 364
72 689
210 776
608 753
378 555
84 916
762 988
352 394
612 706
71 400
497 298
396 81
654 243
19 488
214 808
428 885
181 243
338 629
376 188
450 809
381 735
859 434
301 450
199 673
981 31
958 188
146 969
779 92
660 65
837 136
831 629
833 653
857 957
895 165
144 215
769 971
722 576
716 451
658 821
864 295
442 353
733 261
313 546
972 649
511 831
820 954
574 410
838 195
757 233
288 874
848 636
401 921
712 812
728 675
237 745
773 744
178 932
793 156
303 828
427 441
426 807
948 195
969 548
135 896
468 386
582 575
328 871
320 567
702 309
887 782
957 371
980 520
560 148
343 580
603 394
590 551
653 618
339 691
324 207
496 426
840 152
120 138
682 223
227 29
774 714
416 310
138 25
797 612
212 370
377 854
883 979
265 821
703 636
738 411
858 57
775 788
998 433
780 107
459 559
148 77
993 362
18 176
817 884
595 61
84 182
762 424
370 624
423 495
697 301
201 409
422 494
719 845
405 867
612 398
37 324
15 80
817 544
980 435
415 397
858 829
565 361
118 865
983 93
838 865
228 33
386 619
7 452
536 71
328 488
700 258
168 320
383 490
379 960
275 881
439 705
234 69
625 973
610 94
931 823
889 480
178 15
584 604
318 996
260 615
762 283
290 439
917 746
164 740
168 922
608 582
718 333
709 823
133 214
620 815
826 447
412 949
581 900
589 47
652 476
31 641
803 658
903 831
330 242
496 314
210 731
271 372
470 412
958 516
67 114
230 412
277 622
73 946
622 132
235 751
321 807
229 280
575 951
285 523
702 355
643 189
229 38
146 462
324 526
694 827
332 129
597 966
338 291
90 975
349 149
627 774
692 743
4 770
140 47
141 477
69 339
289 454
63 379
436 402
588 174
912 387
405 376
165 168
459 206
250 679
625 734
297 91
696 966
264 269
333 257
563 9
737 867
973 12
453 338
93 613
797 36
928 540
974 651
438 621
698 686
345 688
480 55
628 779
657 248
742 283
92 928
24 949
248 230
376 111
964 302
568 280
353 566
231 401
183 218
994 453
464 971
305 715
919 120
763 492
855 125
96 370
751 478
960 804
0 357
428 208
510 971
743 967
194 788
297 565
57 946
837 709
331 180
391 724
114 945
574 973
182 6
277 531
595 555
964 691
873 906
766 793
460 877
195 525
533 411
869 67
134 574
822 807
28 933
300 475
133 579
53 630
105 289
379 303
7 569
956 279
305 228
536 209
550 552
869 634
752 64
316 196
374 32
461 998
249 390
967 144
375 559
513 949
309 883
202 973
784 645
846 896
56 707
286 361
928 70
140 355
281 895
941 916
145 788
522 915
524 403
614 405
797 593
420 686
829 318
978 623
152 748
689 106
872 763
507 199
182 821
188 147
607 290
913 999
545 10
520 466
53 203
344 270
292 891
