167 271
311 191
280 45
391 63
491 349
0 125
13 379
326 492
162 35
93 390
447 29
359 167
418 110
91 64
33 353
379 191
150 74
309 423
83 141
253 444
61 153
130 89
373 23
346 450
420 236
330 36
226 46
410 219
25 247
411 154
263 397
326 114
347 242
383 345
266 452
278 26
193 127
437 471
467 312
451 53
175 447
288 142
233 86
392 283
401 46
443 270
176 3
324 417
8 401
88 16
235 97
440 429
2 476
122 86
4 250
215 295
428 56
481 306
222 287
37 219
199 260
115 52
27 127
207 116
405 405
441 374
285 54
338 236
165 382
4 213
35 86
435 270
473 437
310 344
31 428
353 102
86 96
328 18
463 342
175 252
397 411
181 34
62 492
17 204
275 44
420 450
292 166
81 247
152 135
208 302
158 427
211 493
283 182
91 437
5 447
350 341
388 355
231 339
341 203
484 398
224 222
260 392
355 19
313 330
311 481
41 353
379 215
239 358
449 3
241 295
108 492
32 217
294 211
221 235
74 389
42 163
337 392
207 467
328 141
147 205
248 131
176 456
469 192
318 345
309 448
374 447
189 243
258 36
87 326
329 37
201 400
257 157
84 409
447 469
255 174
392 215
75 291
113 236
326 164
29 402
293 450
304 389
394 235
469 175
21 233
187 487
51 62
340 429
27 389
57 329
89 322
183 322
196 282
321 499
409 32
63 184
86 84
316 7
139 470
11 262
78 148
434 300
129 208
112 261
130 8
429 69
310 25
448 452
41 5
61 349
327 94
189 1
403 389
484 486
482 261
43 287
211 446
77 423
210 77
190 252
436 89
115 158
414 76
85 80
15 339
120 483
284 259
159 14
376 375
333 158
103 328
110 302
357 147
77 394
173 107
439 293
342 126
54 71
149 91
128 491
283 110
200 424
422 193
318 178
442 47
266 434
259 133
277 7
191 434
77 294
270 134
103 78
178 19
224 472
208 408
296 231
169 392
36 130
105 426
47 270
249 93
298 213
161 84
375 490
499 461
51 239
297 7
206 448
121 14
160 7
415 371
138 45
200 166
279 318
153 254
10 334
399 440
276 172
98 192
82 437
336 239
415 84
200 444
236 311
147 438
122 138
372 301
236 231
445 427
438 472
167 268
153 485
384 429
476 335
267 168
461 170
230 114
164 336
162 446
76 158
260 101
49 295
462 215
40 268
465 127
195 407
487 361
289 71
428 134
35 169
310 222
359 100
86 483
409 201
158 489
84 447
403 311
273 451
225 262
195 37
152 354
425 474
281 86
403 57
101 254
210 148
23 237
8 73
18 88
70 400
404 114
485 251
123 266
228 469
415 96
8 81
15 90
65 208
332 225
213 308
70 99
451 65
40 48
288 255
145 99
173 1
280 119
368 282
366 29
283 124
408 388
111 39
266 209
126 18
227 432
312 435
496 432
453 271
272 115
341 83
111 18
157 253
393 239
372 99
434 265
4 470
171 271
297 103
56 189
213 74
83 266
290 139
221 283
59 167
265 189
228 492
482 406
266 129
107 319
180 8
471 394
369 483
114 257
21 2
163 403
366 154
345 483
19 251
348 151
389 487
424 194
201 403
328 464
192 377
389 403
428 473
79 212
77 216
37 93
438 202
408 309
146 113
285 339
266 407
460 192
378 235
71 296
186 68
310 2
156 131
12 260
367 220
263 397
26 166
306 31
324 31
97 363
128 399
88 265
407 57
300 369
492 136
215 180
265 59
359 93
286 230
187 167
395 352
495 302
23 130
480 191
198 210
270 145
311 204
77 418
461 324
355 443
359 166
357 183
472 118
490 330
56 204
135 256
368 163
145 131
333 298
372 442
3 183
92 321
216 486
398 217
480 252
48 374
191 420
151 190
287 450
269 299
249 128
20 39
31 64
422 385
381 171
391 62
22 221
55 241
259 322
291 415
427 213
92 438
149 281
286 342
66 373
0 54
364 134
337 403
382 473
258 77
414 27
431 256
131 481
14 385
218 66
140 495
258 95
359 275
261 112
238 140
377 123
41 384
379 148
12 16
349 179
334 175
194 333
17 194
190 90
229 109
460 400
340 211
423 223
44 460
273 460
307 329
270 283
386 355
44 133
494 168
248 312
119 163
484 134
103 459
241 305
334 340
207 304
10 13
281 150
217 86
113 277
438 451
417 372
483 497
335 157
8 230
63 181
209 294
21 294
399 462
438 158
429 59
278 196
470 382
99 8
149 184
263 495
146 256
384 328
53 158
349 323
354 38
321 443
226 496
421 190
127 285
50 425
9 169
387 256
353 151
444 405
193 94
309 483
424 485
41 335
61 339
242 433
263 21
171 183
464 132
55 132
261 481
8 328
278 440
71 107
223 439
146 221
120 80
228 488
416 247
440 360
93 426
120 64
142 25
240 347
378 312
187 61
44 227
98 373
478 392
436 332
217 328
473 1
477 364
372 391
232 299
231 488
429 236
445 179
27 468
81 304
311 416
75 128
303 167
172 134
13 77
185 251
229 467
258 214
10 103
87 186
372 380
295 470
409 442
239 224
248 320
209 282
345 76
453 52
467 412
324 450
214 162
381 293
239 287
120 311
412 346
306 119
222 167
327 332
18 323
190 397
190 243
63 26
233 37
404 175
128 488
128 18
455 285
341 217
158 141
235 415
52 325
333 431
19 216
218 465
2 82
83 115
84 230
266 5
198 485
472 268
179 87
346 420
308 280
387 338
205 314
464 423
22 497
33 424
359 456
462 375
446 477
259 413
356 475
154 307
393 319
347 477
260 69
202 499
194 424
204 66
126 202
66 312
313 202
494 71
365 406
133 90
45 144
311 214
450 91
273 68
457 450
360 2
350 374
432 352
96 400
21 422
429 450
291 115
329 445
331 320
65 134
54 203
431 253
288 368
258 168
64 432
166 415
463 118
441 242
219 243
144 95
144 180
443 78
362 243
279 102
193 330
377 403
218 283
323 138
90 38
17 386
398 158
166 414
90 402
356 328
101 9
459 361
297 85
294 77
143 163
327 147
414 219
1 220
350 129
147 80
104 13
248 218
144 321
75 355
232 204
35 169
445 179
274 27
424 208
178 28
484 470
347 276
298 433
153 492
437 387
11 405
487 188
160 84
365 337
119 0
277 27
253 59
418 405
167 471
212 429
178 25
399 479
406 7
115 339
379 70
24 56
331 460
107 65
320 312
295 342
176 401
75 199
444 137
321 139
32 40
73 476
493 332
387 362
0 289
155 212
381 45
95 168
85 14
7 278
40 118
279 429
93 123
248 478
203 15
25 104
435 296
27 216
422 421
237 349
244 119
3 92
308 360
310 460
474 289
285 288
324 187
219 304
169 312
38 455
325 332
285 293
465 72
180 248
418 277
204 444
60 67
460 55
480 175
434 441
159 78
214 409
362 237
455 460
305 349
315 17
259 80
442 52
180 261
92 113
225 344
78 412
305 1
396 459
151 0
328 389
75 343
452 11
434 252
37 459
158 186
250 52
413 244
193 216
11 230
489 236
11 172
164 286
289 365
112 465
405 89
238 224
409 224
115 44
215 72
292 202
448 109
296 491
298 59
22 61
41 367
449 9
49 172
493 264
258 460
331 234
12 336
479 465
88 43
46 200
429 43
114 147
492 193
161 70
128 93
308 404
199 168
311 334
201 359
374 76
290 127
453 72
216 466
371 376
476 130
176 368
86 264
382 161
292 51
182 144
221 267
158 232
277 287
344 323
455 351
147 330
249 144
226 400
349 448
255 301
327 494
227 229
20 261
226 142
427 478
63 65
147 115
351 354
87 362
391 499
239 51
418 144
189 343
164 156
108 199
196 164
467 167
260 144
450 393
457 328
289 145
137 278
6 426
209 263
185 307
350 488
15 256
289 103
464 102
51 436
460 128
206 388
144 239
364 98
140 482
339 127
324 404
159 391
342 409
485 307
489 30
342 484
182 37
370 336
350 300
304 402
119 70
273 101
368 177
437 82
257 418
5 382
100 74
228 65
20 384
375 358
245 257
497 494
472 122
480 336
254 428
327 224
34 222
333 111
98 104
327 402
457 272
30 198
330 188
188 240
294 368
483 401
291 443
237 323
117 412
239 289
256 301
340 427
211 329
104 45
401 274
46 237
243 293
422 105
241 260
368 96
152 131
243 264
335 250
479 228
52 249
175 32
197 160
22 411
218 8
171 183
428 85
385 345
346 193
153 34
114 249
380 404
133 28
75 210
87 6
213 307
236 184
368 381
56 379
3 472
286 175
380 149
24 440
420 376
46 379
419 23
170 264
429 125
32 74
364 256
268 122
248 228
357 456
242 258
468 16
127 101
460 467
430 449
264 92
428 365
178 405
69 35
315 372
51 360
471 413
28 10
430 393
433 417
379 491
382 55
456 156
383 198
259 318
290 221
25 299
166 186
277 419
35 169
307 171
398 360
234 373
98 344
191 407
129 393
167 111
183 478
109 428
409 306
65 496
112 107
330 145
329 39
284 323
335 465
194 344
25 323
141 429
77 117
7 344
390 368
283 286
163 127
382 239
56 431
478 151
39 198
458 269
336 295
472 373
438 348
176 260
94 369
128 22
311 26
336 141
465 424
392 113
429 472
2 190
286 209
394 18
322 53
286 259
467 433
211 386
75 94
388 181
15 44
158 29
264 226
268 117
192 119
367 337
16 204
406 53
346 386
128 416
486 335
420 13
250 54
6 182
482 310
38 151
482 304
112 115
356 347
36 69
103 92
302 339
14 60
284 89
205 402
37 83
295 112
262 249
55 39
182 331
390 499
373 299
493 239
199 479
348 447
301 389
197 162
445 203
415 457
123 213
205 484
32 79
212 338
15 234
466 407
201 38
102 82
416 486
266 322
266 183
203 169
362 434
391 190
197 52
166 91
196 186
260 14
109 269
436 221
3 99
357 486
2 371
132 148
371 489
446 414
233 57
358 494
268 399
165 111
37 261
363 445
189 224
282 31
117 357
178 302
371 417
407 415
190 160
187 442
316 58
402 147
26 169
196 75
24 322
111 157
334 353
256 90
182 351
232 361
355 81
247 74
381 292
460 20
92 336
378 414
19 263
377 412
76 353
238 231
429 304
33 426
314 97
434 48
462 19
354 413
131 53
189 216
47 77
481 124
486 115
334 291
122 314
263 29
247 180
263 144
495 44
436 20
268 393
161 71
486 253
316 393
90 179
243 169
483 105
377 156
401 236
356 467
446 379
396 244
257 343
126 297
102 302
357 334
385 243
304 111
14 36
427 33
486 170
294 453
237 30
425 165
257 284
331 434
85 384
93 152
25 475
464 274
301 253
444 110
40 321
318 192
327 477
277 383
103 272
406 375
284 137
229 89
372 261
257 30
262 201
282 356
242 483
386 440
226 50
490 187
81 466
492 402
436 114
408 90
116 398
60 468
111 291
43 151
192 222
57 471
390 147
160 228
65 59
495 183
358 301
271 320
232 228
86 48
466 386
142 39
8 339
35 60
63 23
276 73
221 177
263 110
34 436
165 152
264 266
19 268
253 421
192 288
238 463
171 96
101 345
481 452
476 384
433 333
138 191
316 141
2 359
324 223
464 16
348 272
86 373
16 456
168 118
244 216
429 412
372 447
127 289
227 449
235 249
89 75
51 73
443 429
477 456
74 463
231 145
363 273
205 352
204 289
410 302
378 137
51 317
83 471
186 18
216 299
228 322
86 192
101 368
288 1
178 239
327 367
286 48
38 27
92 450
218 458
189 223
169 478
237 256
76 92
130 80
191 189
476 159
36 288
491 459
287 67
170 397
453 96
328 215
443 41
202 293
359 313
233 134
277 356
144 153
275 250
414 325
252 314
237 9
453 24
261 306
26 486
201 296
256 319
270 349
112 393
371 365
458 315
22 341
349 156
157 85
362 287
306 137
47 66
203 469
162 442
355 173
34 199
251 291
364 370
291 387
64 65
128 367
57 84
299 13
0 123
86 468
425 87
287 66
177 259
320 483
439 276
315 80
216 14
39 152
126 132
299 415
229 191
390 19
217 439
172 93
126 173
360 491
34 137
358 132
395 177
487 327
153 108
154 380
329 136
367 392
380 176
456 197
454 60
344 381
344 53
106 138
268 183
327 82
23 257
207 75
298 201
328 328
369 79
105 161
371 405
329 130
267 247
459 33
349 351
315 201
386 368
1 152
157 162
442 256
448 494
192 271
166 166
359 165
447 279
88 466
367 128
82 271
246 62
4 290
68 428
411 8
47 78
264 114
314 77
106 306
480 180
42 488
250 223
313 206
289 113
476 88
264 312
386 455
469 284
44 209
404 54
243 397
86 435
10 269
65 366
93 246
174 159
218 438
490 144
167 170
199 400
158 201
60 121
492 74
107 230
112 136
200 459
261 264
70 424
217 120
109 452
257 54
240 256
217 335
427 237
146 127
334 324
67 436
115 169
138 432
274 168
399 169
192 434
456 252
385 247
336 61
422 449
161 90
57 240
244 484
356 47
370 394
3 487
379 182
291 360
195 241
104 402
117 492
401 123
192 439
372 303
319 289
204 349
73 132
329 409
192 87
287 161
259 64
273 290
64 467
475 329
489 424
234 408
24 346
286 499
140 287
172 116
374 421
300 449
385 101
384 110
91 265
165 186
241 99
473 332
178 193
430 24
286 4
303 148
470 448
373 210
291 401
99 344
273 128
61 294
243 344
105 19
348 259
365 180
487 482
441 411
356 301
25 108
78 498
20 132
189 179
2 397
298 399
128 188
323 30
354 226
115 302
467 491
252 472
125 402
292 24
38 310
128 430
395 188
224 399
435 119
473 192
70 330
329 393
140 9
241 186
168 470
81 312
436 147
238 131
248 263
326 491
285 385
440 368
164 82
4 4
184 169
219 197
120 443
368 307
340 89
9 29
41 261
236 288
153 255
26 133
435 421
32 78
413 111
382 156
434 339
81 43
451 100
491 378
324 64
150 377
26 370
327 116
158 213
141 72
34 347
498 498
137 365
349 127
253 157
416 133
341 116
59 385
443 84
95 351
464 322
126 375
197 138
117 475
240 256
18 392
229 47
247 134
399 135
393 125
469 42
252 432
424 163
465 120
297 59
42 406
363 201
186 113
343 329
314 305
180 463
286 357
5 11
61 35
373 271
213 323
108 475
289 28
280 64
71 21
325 451
85 74
358 117
11 342
423 291
232 336
426 269
79 388
50 292
6 373
285 272
301 173
308 437
269 251
476 344
490 378
282 5
244 238
343 438
324 180
260 37
265 489
134 237
499 74
240 291
265 52
268 462
282 284
131 111
381 337
174 107
166 138
306 254
258 107
283 303
389 100
332 282
290 140
156 439
342 156
9 8
460 101
287 495
495 365
353 190
124 405
244 94
221 426
339 483
427 272
120 148
438 156
141 95
245 391
439 289
179 391
278 141
490 137
41 128
183 71
107 282
333 272
170 478
102 175
473 433
219 2
367 410
18 325
462 50
231 184
303 295
282 453
202 377
412 345
123 332
260 147
89 225
356 242
82 11
443 332
361 270
440 326
71 160
268 396
243 77
337 411
35 17
39 56
212 333
164 12
489 164
467 278
387 44
384 251
354 15
13 40
361 87
252 171
439 430
388 121
412 318
495 156
158 297
91 292
426 55
107 431
364 197
331 188
360 45
434 370
279 398
427 453
440 205
476 317
481 416
176 112
338 7
400 154
348 102
362 451
301 0
31 112
348 218
161 325
367 109
136 216
221 392
113 315
206 479
433 215
204 90
415 184
280 171
314 199
309 406
7 223
466 421
47 69
136 266
100 196
230 284
140 294
255 170
145 72
225 401
486 228
110 34
292 288
361 227
317 263
54 374
49 414
347 473
380 15
272 102
297 352
159 363
13 307
409 210
32 475
363 180
177 426
409 389
180 267
405 41
407 288
314 383
415 84
232 105
491 396
437 483
121 37
408 472
215 93
22 296
486 498
271 466
313 109
214 375
268 377
202 333
271 241
0 460
474 369
432 302
421 282
244 279
317 238
232 65
101 25
337 466
60 351
9 314
335 164
215 64
330 20
351 284
444 132
176 399
328 477
312 24
102 454
406 148
312 493
221 153
132 303
109 421
491 52
322 203
56 317
167 58
377 334
281 382
40 307
335 83
204 457
86 127
417 429
32 439
437 426
336 485
247 368
138 134
134 352
485 299
485 419
181 370
459 110
158 191
210 287
376 413
319 152
249 149
478 260
166 286
369 63
163 457
100 475
288 318
83 301
266 496
67 389
150 126
75 489
442 136
58 418
30 21
422 22
431 170
166 142
465 388
376 327
421 103
302 461
365 212
233 86
362 385
458 20
113 329
328 355
35 349
215 82
53 68
19 15
365 29
151 491
323 465
65 394
37 258
414 314
499 8
305 228
129 193
271 61
14 362
243 222
377 419
482 4
237 60
386 66
123 34
20 425
436 208
320 152
297 367
224 154
422 397
36 465
159 346
325 304
416 75
351 288
73 234
154 4
53 25
116 39
13 482
437 316
208 139
480 176
305 158
113 78
432 379
144 310
318 448
95 10
398 190
264 250
347 202
140 358
210 55
69 332
482 109
376 180
488 302
394 173
460 73
427 332
127 164
454 337
110 360
453 64
286 230
212 235
449 83
479 489
54 50
223 484
344 441
384 377
472 332
43 8
382 175
412 341
404 281
98 279
463 14
84 234
346 58
179 367
67 271
160 116
191 156
172 325
335 82
232 459
137 288
125 361
19 39
116 29
403 224
228 97
480 334
191 360
464 445
282 336
118 93
431 436
338 454
224 101
341 436
117 160
210 480
3 50
181 133
462 15
151 184
383 383
497 68
198 107
353 141
196 345
59 491
335 373
199 126
240 198
257 176
87 68
412 163
322 173
317 361
208 152
6 335
226 336
164 103
231 115
486 136
180 293
73 207
476 415
365 397
427 404
204 334
276 105
405 291
119 474
317 128
139 431
144 226
207 180
163 257
411 314
53 147
313 102
88 235
